0,459
0,458
0,457
0,456
0,455
0,454
0,453
0,452
0,451
0,450
0,449
0,448
74,5
74,4
74,3
74,2
0,447
74,1
74,0
0,446
0,445
0,444
0,443
0,442
0,441
0,440
0,439
0,438
0,437
0,436
0,435
0,434
73,5
73,4
73,3
73,2
0,433
73,1
73,0
0,432
0,431
0,430
0,429
0,428
0,427
0,426
0,425
0,424
0,423
0,422
0,421
0,420
0,419
0,418
72,5
72,4
72,3
72,2
0,417
72,1
72,0
0,416
0,415
0,414
0,413
0,412
0,411
0,410
0,409
0,408
0,407
0,406
0,405
71,5
71,4
71,3
71,2
71,1
71,0
0,404
0,386
70,5
70,4
70,3
70,2
70,1
70,0
69,5
69,4
69,3
69,2
69,1
69,0
68,5
68,4
68,3
68,2
68,1
68,0
67,5
67,4
67,3
67,2
67,1
67,0
0,278
66,35
3,2
10,95
10,173
